etas[(etas < -1e-5)] 0.000%:
c's (1030, 1030)
 [[ 0.043  0.019 -0.021 ...  0.026  0.004 -0.079]
 [-0.032 -0.001  0.036 ...  0.03   0.005 -0.078]
 [ 0.001 -0.066  0.034 ...  0.034 -0.057 -0.028]
 ...
 [ 0.008 -0.008 -0.007 ... -0.018 -0.016  0.042]
 [ 0.013 -0.013  0.021 ...  0.003 -0.028  0.036]
 [ 0.008 -0.02  -0.01  ... -0.027 -0.015  0.008]]
lambdas
 [    0.        0.        0.    ...  7280.073  9816.118 12885.352]
-1 1.0000000000000013
-2 1.0000000000000007
-3 1.0000000000000009
-4 1.0000000000000007
-5 0.9999999999999996
-6 1.0000000000000004
-7 0.999999999999999
-8 0.9999999999999996
-9 0.9999999999999993
Assign2-part2.py:92: RuntimeWarning: divide by zero encountered in true_divide
  print(np.sqrt(1/(etas)).shape)
(1030,)
Assign2-part2.py:93: RuntimeWarning: divide by zero encountered in true_divide
  cs = np.sqrt(1/(etas))*cs
Assign2-part2.py:93: RuntimeWarning: invalid value encountered in multiply
  cs = np.sqrt(1/(etas))*cs
cs_unit vec
 [[       inf        inf       -inf ...  9.379e-06  1.186e-06 -2.161e-05]
 [      -inf       -inf        inf ...  1.095e-05  1.667e-06 -2.151e-05]
 [       inf       -inf        inf ...  1.227e-05 -1.804e-05 -7.808e-06]
 ...
 [       inf       -inf       -inf ... -6.445e-06 -5.027e-06  1.149e-05]
 [       inf       -inf        inf ...  1.167e-06 -8.812e-06  9.919e-06]
 [       inf       -inf       -inf ... -9.854e-06 -4.815e-06  2.172e-06]]
-1 7.53470903076678e-08
Traceback (most recent call last):
  File "Assign2-part2.py", line 176, in <module>
    kernelPCA(D, K_mode= "linear")
  File "Assign2-part2.py", line 98, in kernelPCA
    assert np.abs(np.dot(cs[:,i].T, cs[:,i]) - 1) < THRESH
AssertionError
Austins-MacBook-Pro-2:2hw Austin_Egri$ python3 Assign2-part2.py Concrete_Data.txt 2.2
       0      1    2      3    4       5      6    7      8
0  540.0    0.0  0.0  162.0  2.5  1040.0  676.0   28  79.99
1  540.0    0.0  0.0  162.0  2.5  1055.0  676.0   28  61.89
2  332.5  142.5  0.0  228.0  0.0   932.0  594.0  270  40.27
3  332.5  142.5  0.0  228.0  0.0   932.0  594.0  365  41.05
4  198.6  132.4  0.0  192.0  0.0   978.4  825.5  360  44.30
       0      1    2      3    4       5      6    7      8
0  540.0    0.0  0.0  162.0  2.5  1040.0  676.0   28  79.99
1  540.0    0.0  0.0  162.0  2.5  1055.0  676.0   28  61.89
2  332.5  142.5  0.0  228.0  0.0   932.0  594.0  270  40.27
3  332.5  142.5  0.0  228.0  0.0   932.0  594.0  365  41.05
4  198.6  132.4  0.0  192.0  0.0   978.4  825.5  360  44.30
D.shape (1030, 9)
n= 1030, d= 9
eye_minus_ones
 [[ 9.990e-01 -9.709e-04 -9.709e-04 ... -9.709e-04 -9.709e-04 -9.709e-04]
 [-9.709e-04  9.990e-01 -9.709e-04 ... -9.709e-04 -9.709e-04 -9.709e-04]
 [-9.709e-04 -9.709e-04  9.990e-01 ... -9.709e-04 -9.709e-04 -9.709e-04]
 ...
 [-9.709e-04 -9.709e-04 -9.709e-04 ...  9.990e-01 -9.709e-04 -9.709e-04]
 [-9.709e-04 -9.709e-04 -9.709e-04 ... -9.709e-04  9.990e-01 -9.709e-04]
 [-9.709e-04 -9.709e-04 -9.709e-04 ... -9.709e-04 -9.709e-04  9.990e-01]]
K_Hat
 [[ 92072.589  92279.291  21280.681 ... -48596.158 -37095.165 -14832.84 ]
 [ 92279.291  93038.603  20586.315 ... -49584.607 -36789.781 -16397.259]
 [ 21280.681  20586.315  96743.201 ...  -6621.477  -3308.994   2975.376]
 ...
 [-48596.158 -49584.607  -6621.477 ...  31959.44   19672.272  14960.764]
 [-37095.165 -36789.781  -3308.994 ...  19672.272  31457.48    2395.936]
 [-14832.84  -16397.259   2975.376 ...  14960.764   2395.936  14292.159]]
etas (1030,)
 [-2.493e-07 -1.998e-07 -1.470e-07 ...  7.498e+06  1.011e+07  1.327e+07]
etas[(etas < 0) & (etas > -1e-5)] 52.330%:
etas[(etas < -1e-5)] 0.000%:
c's (1030, 1030)
 [[ 0.043  0.019 -0.021 ...  0.026  0.004 -0.079]
 [-0.032 -0.001  0.036 ...  0.03   0.005 -0.078]
 [ 0.001 -0.066  0.034 ...  0.034 -0.057 -0.028]
 ...
 [ 0.008 -0.008 -0.007 ... -0.018 -0.016  0.042]
 [ 0.013 -0.013  0.021 ...  0.003 -0.028  0.036]
 [ 0.008 -0.02  -0.01  ... -0.027 -0.015  0.008]]
lambdas
 [    0.        0.        0.    ...  7280.073  9816.118 12885.352]
-1 1.0000000000000013
-2 1.0000000000000007
-3 1.0000000000000009
-4 1.0000000000000007
-5 0.9999999999999996
-6 1.0000000000000004
-7 0.999999999999999
-8 0.9999999999999996
-9 0.9999999999999993
Assign2-part2.py:92: RuntimeWarning: divide by zero encountered in true_divide
  print(np.sqrt(1/(etas)).shape)
(1030,)
cs_unit vec
 [[ 0.043  0.019 -0.021 ...  0.026  0.004 -0.079]
 [-0.032 -0.001  0.036 ...  0.03   0.005 -0.078]
 [ 0.001 -0.066  0.034 ...  0.034 -0.057 -0.028]
 ...
 [ 0.008 -0.008 -0.007 ... -0.018 -0.016  0.042]
 [ 0.013 -0.013  0.021 ...  0.003 -0.028  0.036]
 [ 0.008 -0.02  -0.01  ... -0.027 -0.015  0.008]]
-1 1.0000000000000013
-2 1.0000000000000007
-3 1.0000000000000009
-4 1.0000000000000007
-5 0.9999999999999996
-6 1.0000000000000004
-7 0.999999999999999
-8 0.9999999999999996
-9 0.9999999999999993
lam_percents
 [0.325 0.572 0.756 ... 1.    1.    1.   ]
0 0.3249129815446007
1 0.5724331282512051
2 0.7560051466630151
3 0.8630074198157988
4 0.9634424828253406
5 0.9953882736797852
6 0.9979595535829078
7 0.9997163809072515
8 0.9999999999999185
9 0.999999999999925
10 0.9999999999999295
11 0.9999999999999336
12 0.9999999999999364
13 0.9999999999999387
14 0.9999999999999407
15 0.9999999999999426
16 0.999999999999944
17 0.9999999999999455
18 0.9999999999999468
19 0.9999999999999479
20 0.999999999999949
21 0.9999999999999499
22 0.9999999999999508
23 0.9999999999999517
24 0.9999999999999525
25 0.9999999999999533
26 0.9999999999999539
27 0.9999999999999547
28 0.9999999999999554
29 0.9999999999999559
30 0.9999999999999565
Traceback (most recent call last):
  File "Assign2-part2.py", line 176, in <module>
    kernelPCA(D, K_mode= "linear")
  File "Assign2-part2.py", line 118, in kernelPCA
    print("r= {} captures {:.3f}% of the variance".format(r, lam_percents[r]))
TypeError: unsupported format string passed to numpy.ndarray.__format__
Austins-MacBook-Pro-2:2hw Austin_Egri$ python3 Assign2-part2.py Concrete_Data.txt 2.2
       0      1    2      3    4       5      6    7      8
0  540.0    0.0  0.0  162.0  2.5  1040.0  676.0   28  79.99
1  540.0    0.0  0.0  162.0  2.5  1055.0  676.0   28  61.89
2  332.5  142.5  0.0  228.0  0.0   932.0  594.0  270  40.27
3  332.5  142.5  0.0  228.0  0.0   932.0  594.0  365  41.05
4  198.6  132.4  0.0  192.0  0.0   978.4  825.5  360  44.30
       0      1    2      3    4       5      6    7      8
0  540.0    0.0  0.0  162.0  2.5  1040.0  676.0   28  79.99
1  540.0    0.0  0.0  162.0  2.5  1055.0  676.0   28  61.89
2  332.5  142.5  0.0  228.0  0.0   932.0  594.0  270  40.27
3  332.5  142.5  0.0  228.0  0.0   932.0  594.0  365  41.05
4  198.6  132.4  0.0  192.0  0.0   978.4  825.5  360  44.30
D.shape (1030, 9)
n= 1030, d= 9
eye_minus_ones
 [[ 9.990e-01 -9.709e-04 -9.709e-04 ... -9.709e-04 -9.709e-04 -9.709e-04]
 [-9.709e-04  9.990e-01 -9.709e-04 ... -9.709e-04 -9.709e-04 -9.709e-04]
 [-9.709e-04 -9.709e-04  9.990e-01 ... -9.709e-04 -9.709e-04 -9.709e-04]
 ...
 [-9.709e-04 -9.709e-04 -9.709e-04 ...  9.990e-01 -9.709e-04 -9.709e-04]
 [-9.709e-04 -9.709e-04 -9.709e-04 ... -9.709e-04  9.990e-01 -9.709e-04]
 [-9.709e-04 -9.709e-04 -9.709e-04 ... -9.709e-04 -9.709e-04  9.990e-01]]
K_Hat
 [[ 92072.589  92279.291  21280.681 ... -48596.158 -37095.165 -14832.84 ]
 [ 92279.291  93038.603  20586.315 ... -49584.607 -36789.781 -16397.259]
 [ 21280.681  20586.315  96743.201 ...  -6621.477  -3308.994   2975.376]
 ...
 [-48596.158 -49584.607  -6621.477 ...  31959.44   19672.272  14960.764]
 [-37095.165 -36789.781  -3308.994 ...  19672.272  31457.48    2395.936]
 [-14832.84  -16397.259   2975.376 ...  14960.764   2395.936  14292.159]]
etas (1030,)
 [-2.493e-07 -1.998e-07 -1.470e-07 ...  7.498e+06  1.011e+07  1.327e+07]
etas[(etas < 0) & (etas > -1e-5)] 52.330%:
etas[(etas < -1e-5)] 0.000%:
c's (1030, 1030)
 [[ 0.043  0.019 -0.021 ...  0.026  0.004 -0.079]
 [-0.032 -0.001  0.036 ...  0.03   0.005 -0.078]
 [ 0.001 -0.066  0.034 ...  0.034 -0.057 -0.028]
 ...
 [ 0.008 -0.008 -0.007 ... -0.018 -0.016  0.042]
 [ 0.013 -0.013  0.021 ...  0.003 -0.028  0.036]
 [ 0.008 -0.02  -0.01  ... -0.027 -0.015  0.008]]
lambdas
 [    0.        0.        0.    ...  7280.073  9816.118 12885.352]
-1 1.0000000000000013
-2 1.0000000000000007
-3 1.0000000000000009
-4 1.0000000000000007
-5 0.9999999999999996
-6 1.0000000000000004
-7 0.999999999999999
-8 0.9999999999999996
-9 0.9999999999999993
Assign2-part2.py:92: RuntimeWarning: divide by zero encountered in true_divide
  print(np.sqrt(1/(etas)).shape)
(1030,)
cs_unit vec
 [[ 0.043  0.019 -0.021 ...  0.026  0.004 -0.079]
 [-0.032 -0.001  0.036 ...  0.03   0.005 -0.078]
 [ 0.001 -0.066  0.034 ...  0.034 -0.057 -0.028]
 ...
 [ 0.008 -0.008 -0.007 ... -0.018 -0.016  0.042]
 [ 0.013 -0.013  0.021 ...  0.003 -0.028  0.036]
 [ 0.008 -0.02  -0.01  ... -0.027 -0.015  0.008]]
-1 1.0000000000000013
-2 1.0000000000000007
-3 1.0000000000000009
-4 1.0000000000000007
-5 0.9999999999999996
-6 1.0000000000000004
-7 0.999999999999999
-8 0.9999999999999996
-9 0.9999999999999993
lam_percents
 [0.325 0.572 0.756 ... 1.    1.    1.   ]
0 0.3249129815446007
1 0.5724331282512051
2 0.7560051466630151
3 0.8630074198157988
4 0.9634424828253406
5 0.9953882736797852
6 0.9979595535829078
7 0.9997163809072515
8 0.9999999999999185
9 0.999999999999925
10 0.9999999999999295
11 0.9999999999999336
12 0.9999999999999364
13 0.9999999999999387
14 0.9999999999999407
15 0.9999999999999426
16 0.999999999999944
17 0.9999999999999455
18 0.9999999999999468
19 0.9999999999999479
20 0.999999999999949
21 0.9999999999999499
22 0.9999999999999508
23 0.9999999999999517
24 0.9999999999999525
25 0.9999999999999533
26 0.9999999999999539
27 0.9999999999999547
28 0.9999999999999554
29 0.9999999999999559
30 0.9999999999999565
Traceback (most recent call last):
  File "Assign2-part2.py", line 176, in <module>
    kernelPCA(D, K_mode= "linear")
  File "Assign2-part2.py", line 118, in kernelPCA
    print("r= {:} captures {:.3f} \% of the variance".format(r, lam_percents[r]))
TypeError: unsupported format string passed to numpy.ndarray.__format__
Austins-MacBook-Pro-2:2hw Austin_Egri$ python3 Assign2-part2.py Concrete_Data.txt 2.2
       0      1    2      3    4       5      6    7      8
0  540.0    0.0  0.0  162.0  2.5  1040.0  676.0   28  79.99
1  540.0    0.0  0.0  162.0  2.5  1055.0  676.0   28  61.89
2  332.5  142.5  0.0  228.0  0.0   932.0  594.0  270  40.27
3  332.5  142.5  0.0  228.0  0.0   932.0  594.0  365  41.05
4  198.6  132.4  0.0  192.0  0.0   978.4  825.5  360  44.30
       0      1    2      3    4       5      6    7      8
0  540.0    0.0  0.0  162.0  2.5  1040.0  676.0   28  79.99
1  540.0    0.0  0.0  162.0  2.5  1055.0  676.0   28  61.89
2  332.5  142.5  0.0  228.0  0.0   932.0  594.0  270  40.27
3  332.5  142.5  0.0  228.0  0.0   932.0  594.0  365  41.05
4  198.6  132.4  0.0  192.0  0.0   978.4  825.5  360  44.30
D.shape (1030, 9)
n= 1030, d= 9
eye_minus_ones
 [[ 9.990e-01 -9.709e-04 -9.709e-04 ... -9.709e-04 -9.709e-04 -9.709e-04]
 [-9.709e-04  9.990e-01 -9.709e-04 ... -9.709e-04 -9.709e-04 -9.709e-04]
 [-9.709e-04 -9.709e-04  9.990e-01 ... -9.709e-04 -9.709e-04 -9.709e-04]
 ...
 [-9.709e-04 -9.709e-04 -9.709e-04 ...  9.990e-01 -9.709e-04 -9.709e-04]
 [-9.709e-04 -9.709e-04 -9.709e-04 ... -9.709e-04  9.990e-01 -9.709e-04]
 [-9.709e-04 -9.709e-04 -9.709e-04 ... -9.709e-04 -9.709e-04  9.990e-01]]
K_Hat
 [[ 92072.589  92279.291  21280.681 ... -48596.158 -37095.165 -14832.84 ]
 [ 92279.291  93038.603  20586.315 ... -49584.607 -36789.781 -16397.259]
 [ 21280.681  20586.315  96743.201 ...  -6621.477  -3308.994   2975.376]
 ...
 [-48596.158 -49584.607  -6621.477 ...  31959.44   19672.272  14960.764]
 [-37095.165 -36789.781  -3308.994 ...  19672.272  31457.48    2395.936]
 [-14832.84  -16397.259   2975.376 ...  14960.764   2395.936  14292.159]]
etas (1030,)
 [-2.493e-07 -1.998e-07 -1.470e-07 ...  7.498e+06  1.011e+07  1.327e+07]
etas[(etas < 0) & (etas > -1e-5)] 52.330%:
etas[(etas < -1e-5)] 0.000%:
c's (1030, 1030)
 [[ 0.043  0.019 -0.021 ...  0.026  0.004 -0.079]
 [-0.032 -0.001  0.036 ...  0.03   0.005 -0.078]
 [ 0.001 -0.066  0.034 ...  0.034 -0.057 -0.028]
 ...
 [ 0.008 -0.008 -0.007 ... -0.018 -0.016  0.042]
 [ 0.013 -0.013  0.021 ...  0.003 -0.028  0.036]
 [ 0.008 -0.02  -0.01  ... -0.027 -0.015  0.008]]
lambdas
 [    0.        0.        0.    ...  7280.073  9816.118 12885.352]
-1 1.0000000000000013
-2 1.0000000000000007
-3 1.0000000000000009
-4 1.0000000000000007
-5 0.9999999999999996
-6 1.0000000000000004
-7 0.999999999999999
-8 0.9999999999999996
-9 0.9999999999999993
Assign2-part2.py:92: RuntimeWarning: divide by zero encountered in true_divide
  print(np.sqrt(1/(etas)).shape)
(1030,)
cs_unit vec
 [[ 0.043  0.019 -0.021 ...  0.026  0.004 -0.079]
 [-0.032 -0.001  0.036 ...  0.03   0.005 -0.078]
 [ 0.001 -0.066  0.034 ...  0.034 -0.057 -0.028]
 ...
 [ 0.008 -0.008 -0.007 ... -0.018 -0.016  0.042]
 [ 0.013 -0.013  0.021 ...  0.003 -0.028  0.036]
 [ 0.008 -0.02  -0.01  ... -0.027 -0.015  0.008]]
-1 1.0000000000000013
-2 1.0000000000000007
-3 1.0000000000000009
-4 1.0000000000000007
-5 0.9999999999999996
-6 1.0000000000000004
-7 0.999999999999999
-8 0.9999999999999996
-9 0.9999999999999993
lam_percents
 [0.325 0.572 0.756 ... 1.    1.    1.   ]
0 0.3249129815446007
1 0.5724331282512051
2 0.7560051466630151
3 0.8630074198157988
4 0.9634424828253406
5 0.9953882736797852
6 0.9979595535829078
7 0.9997163809072515
8 0.9999999999999185
9 0.999999999999925
10 0.9999999999999295
11 0.9999999999999336
12 0.9999999999999364
13 0.9999999999999387
14 0.9999999999999407
15 0.9999999999999426
16 0.999999999999944
17 0.9999999999999455
18 0.9999999999999468
19 0.9999999999999479
20 0.999999999999949
21 0.9999999999999499
22 0.9999999999999508
23 0.9999999999999517
24 0.9999999999999525
25 0.9999999999999533
26 0.9999999999999539
27 0.9999999999999547
28 0.9999999999999554
29 0.9999999999999559
30 0.9999999999999565
Traceback (most recent call last):
  File "Assign2-part2.py", line 176, in <module>
    kernelPCA(D, K_mode= "linear")
  File "Assign2-part2.py", line 118, in kernelPCA
    print("r= {:} captures {:.3f} percent of the variance".format(r, lam_percents[r]))
TypeError: unsupported format string passed to numpy.ndarray.__format__
Austins-MacBook-Pro-2:2hw Austin_Egri$ python3 Assign2-part2.py Concrete_Data.txt 2.2
       0      1    2      3    4       5      6    7      8
0  540.0    0.0  0.0  162.0  2.5  1040.0  676.0   28  79.99
1  540.0    0.0  0.0  162.0  2.5  1055.0  676.0   28  61.89
2  332.5  142.5  0.0  228.0  0.0   932.0  594.0  270  40.27
3  332.5  142.5  0.0  228.0  0.0   932.0  594.0  365  41.05
4  198.6  132.4  0.0  192.0  0.0   978.4  825.5  360  44.30
       0      1    2      3    4       5      6    7      8
0  540.0    0.0  0.0  162.0  2.5  1040.0  676.0   28  79.99
1  540.0    0.0  0.0  162.0  2.5  1055.0  676.0   28  61.89
2  332.5  142.5  0.0  228.0  0.0   932.0  594.0  270  40.27
3  332.5  142.5  0.0  228.0  0.0   932.0  594.0  365  41.05
4  198.6  132.4  0.0  192.0  0.0   978.4  825.5  360  44.30
D.shape (1030, 9)
n= 1030, d= 9
eye_minus_ones
 [[ 9.990e-01 -9.709e-04 -9.709e-04 ... -9.709e-04 -9.709e-04 -9.709e-04]
 [-9.709e-04  9.990e-01 -9.709e-04 ... -9.709e-04 -9.709e-04 -9.709e-04]
 [-9.709e-04 -9.709e-04  9.990e-01 ... -9.709e-04 -9.709e-04 -9.709e-04]
 ...
 [-9.709e-04 -9.709e-04 -9.709e-04 ...  9.990e-01 -9.709e-04 -9.709e-04]
 [-9.709e-04 -9.709e-04 -9.709e-04 ... -9.709e-04  9.990e-01 -9.709e-04]
 [-9.709e-04 -9.709e-04 -9.709e-04 ... -9.709e-04 -9.709e-04  9.990e-01]]
K_Hat
 [[ 92072.589  92279.291  21280.681 ... -48596.158 -37095.165 -14832.84 ]
 [ 92279.291  93038.603  20586.315 ... -49584.607 -36789.781 -16397.259]
 [ 21280.681  20586.315  96743.201 ...  -6621.477  -3308.994   2975.376]
 ...
 [-48596.158 -49584.607  -6621.477 ...  31959.44   19672.272  14960.764]
 [-37095.165 -36789.781  -3308.994 ...  19672.272  31457.48    2395.936]
 [-14832.84  -16397.259   2975.376 ...  14960.764   2395.936  14292.159]]
etas (1030,)
 [-2.493e-07 -1.998e-07 -1.470e-07 ...  7.498e+06  1.011e+07  1.327e+07]
etas[(etas < 0) & (etas > -1e-5)] 52.330%:
etas[(etas < -1e-5)] 0.000%:
c's (1030, 1030)
 [[ 0.043  0.019 -0.021 ...  0.026  0.004 -0.079]
 [-0.032 -0.001  0.036 ...  0.03   0.005 -0.078]
 [ 0.001 -0.066  0.034 ...  0.034 -0.057 -0.028]
 ...
 [ 0.008 -0.008 -0.007 ... -0.018 -0.016  0.042]
 [ 0.013 -0.013  0.021 ...  0.003 -0.028  0.036]
 [ 0.008 -0.02  -0.01  ... -0.027 -0.015  0.008]]
lambdas
 [    0.        0.        0.    ...  7280.073  9816.118 12885.352]
-1 1.0000000000000013
-2 1.0000000000000007
-3 1.0000000000000009
-4 1.0000000000000007
-5 0.9999999999999996
-6 1.0000000000000004
-7 0.999999999999999
-8 0.9999999999999996
-9 0.9999999999999993
Assign2-part2.py:92: RuntimeWarning: divide by zero encountered in true_divide
  print(np.sqrt(1/(etas)).shape)
(1030,)
cs_unit vec
 [[ 0.043  0.019 -0.021 ...  0.026  0.004 -0.079]
 [-0.032 -0.001  0.036 ...  0.03   0.005 -0.078]
 [ 0.001 -0.066  0.034 ...  0.034 -0.057 -0.028]
 ...
 [ 0.008 -0.008 -0.007 ... -0.018 -0.016  0.042]
 [ 0.013 -0.013  0.021 ...  0.003 -0.028  0.036]
 [ 0.008 -0.02  -0.01  ... -0.027 -0.015  0.008]]
-1 1.0000000000000013
-2 1.0000000000000007
-3 1.0000000000000009
-4 1.0000000000000007
-5 0.9999999999999996
-6 1.0000000000000004
-7 0.999999999999999
-8 0.9999999999999996
-9 0.9999999999999993
lam_percents
 [0.325 0.572 0.756 ... 1.    1.    1.   ]
0 0.3249129815446007
1 0.5724331282512051
2 0.7560051466630151
3 0.8630074198157988
4 0.9634424828253406
5 0.9953882736797852
6 0.9979595535829078
7 0.9997163809072515
8 0.9999999999999185
9 0.999999999999925
10 0.9999999999999295
11 0.9999999999999336
12 0.9999999999999364
13 0.9999999999999387
14 0.9999999999999407
15 0.9999999999999426
16 0.999999999999944
17 0.9999999999999455
18 0.9999999999999468
19 0.9999999999999479
20 0.999999999999949
21 0.9999999999999499
22 0.9999999999999508
23 0.9999999999999517
24 0.9999999999999525
25 0.9999999999999533
26 0.9999999999999539
27 0.9999999999999547
28 0.9999999999999554
29 0.9999999999999559
30 0.9999999999999565
Traceback (most recent call last):
  File "Assign2-part2.py", line 176, in <module>
    kernelPCA(D, K_mode= "linear")
  File "Assign2-part2.py", line 118, in kernelPCA
    print("r= {} captures {:.3f} percent of the variance".format(r, lam_percents[r]))
TypeError: unsupported format string passed to numpy.ndarray.__format__
Austins-MacBook-Pro-2:2hw Austin_Egri$ python3 Assign2-part2.py Concrete_Data.txt 2.2
       0      1    2      3    4       5      6    7      8
0  540.0    0.0  0.0  162.0  2.5  1040.0  676.0   28  79.99
1  540.0    0.0  0.0  162.0  2.5  1055.0  676.0   28  61.89
2  332.5  142.5  0.0  228.0  0.0   932.0  594.0  270  40.27
3  332.5  142.5  0.0  228.0  0.0   932.0  594.0  365  41.05
4  198.6  132.4  0.0  192.0  0.0   978.4  825.5  360  44.30
       0      1    2      3    4       5      6    7      8
0  540.0    0.0  0.0  162.0  2.5  1040.0  676.0   28  79.99
1  540.0    0.0  0.0  162.0  2.5  1055.0  676.0   28  61.89
2  332.5  142.5  0.0  228.0  0.0   932.0  594.0  270  40.27
3  332.5  142.5  0.0  228.0  0.0   932.0  594.0  365  41.05
4  198.6  132.4  0.0  192.0  0.0   978.4  825.5  360  44.30
D.shape (1030, 9)
n= 1030, d= 9
eye_minus_ones
 [[ 9.990e-01 -9.709e-04 -9.709e-04 ... -9.709e-04 -9.709e-04 -9.709e-04]
 [-9.709e-04  9.990e-01 -9.709e-04 ... -9.709e-04 -9.709e-04 -9.709e-04]
 [-9.709e-04 -9.709e-04  9.990e-01 ... -9.709e-04 -9.709e-04 -9.709e-04]
 ...
 [-9.709e-04 -9.709e-04 -9.709e-04 ...  9.990e-01 -9.709e-04 -9.709e-04]
 [-9.709e-04 -9.709e-04 -9.709e-04 ... -9.709e-04  9.990e-01 -9.709e-04]
 [-9.709e-04 -9.709e-04 -9.709e-04 ... -9.709e-04 -9.709e-04  9.990e-01]]
K_Hat
 [[ 92072.589  92279.291  21280.681 ... -48596.158 -37095.165 -14832.84 ]
 [ 92279.291  93038.603  20586.315 ... -49584.607 -36789.781 -16397.259]
 [ 21280.681  20586.315  96743.201 ...  -6621.477  -3308.994   2975.376]
 ...
 [-48596.158 -49584.607  -6621.477 ...  31959.44   19672.272  14960.764]
 [-37095.165 -36789.781  -3308.994 ...  19672.272  31457.48    2395.936]
 [-14832.84  -16397.259   2975.376 ...  14960.764   2395.936  14292.159]]
etas (1030,)
 [-2.493e-07 -1.998e-07 -1.470e-07 ...  7.498e+06  1.011e+07  1.327e+07]
etas[(etas < 0) & (etas > -1e-5)] 52.330%:
etas[(etas < -1e-5)] 0.000%:
c's (1030, 1030)
 [[ 0.043  0.019 -0.021 ...  0.026  0.004 -0.079]
 [-0.032 -0.001  0.036 ...  0.03   0.005 -0.078]
 [ 0.001 -0.066  0.034 ...  0.034 -0.057 -0.028]
 ...
 [ 0.008 -0.008 -0.007 ... -0.018 -0.016  0.042]
 [ 0.013 -0.013  0.021 ...  0.003 -0.028  0.036]
 [ 0.008 -0.02  -0.01  ... -0.027 -0.015  0.008]]
lambdas
 [    0.        0.        0.    ...  7280.073  9816.118 12885.352]
-1 1.0000000000000013
-2 1.0000000000000007
-3 1.0000000000000009
-4 1.0000000000000007
-5 0.9999999999999996
-6 1.0000000000000004
-7 0.999999999999999
-8 0.9999999999999996
-9 0.9999999999999993
Assign2-part2.py:92: RuntimeWarning: divide by zero encountered in true_divide
  print(np.sqrt(1/(etas)).shape)
(1030,)
cs_unit vec
 [[ 0.043  0.019 -0.021 ...  0.026  0.004 -0.079]
 [-0.032 -0.001  0.036 ...  0.03   0.005 -0.078]
 [ 0.001 -0.066  0.034 ...  0.034 -0.057 -0.028]
 ...
 [ 0.008 -0.008 -0.007 ... -0.018 -0.016  0.042]
 [ 0.013 -0.013  0.021 ...  0.003 -0.028  0.036]
 [ 0.008 -0.02  -0.01  ... -0.027 -0.015  0.008]]
-1 1.0000000000000013
-2 1.0000000000000007
-3 1.0000000000000009
-4 1.0000000000000007
-5 0.9999999999999996
-6 1.0000000000000004
-7 0.999999999999999
-8 0.9999999999999996
-9 0.9999999999999993
lam_percents
 [0.325 0.572 0.756 ... 1.    1.    1.   ]
0 0.3249129815446007
1 0.5724331282512051
2 0.7560051466630151
3 0.8630074198157988
4 0.9634424828253406
5 0.9953882736797852
6 0.9979595535829078
7 0.9997163809072515
8 0.9999999999999185
9 0.999999999999925
10 0.9999999999999295
11 0.9999999999999336
12 0.9999999999999364
13 0.9999999999999387
14 0.9999999999999407
15 0.9999999999999426
16 0.999999999999944
17 0.9999999999999455
18 0.9999999999999468
19 0.9999999999999479
20 0.999999999999949
21 0.9999999999999499
22 0.9999999999999508
23 0.9999999999999517
24 0.9999999999999525
25 0.9999999999999533
26 0.9999999999999539
27 0.9999999999999547
28 0.9999999999999554
29 0.9999999999999559
30 0.9999999999999565
r= {} 
Traceback (most recent call last):
  File "Assign2-part2.py", line 176, in <module>
    kernelPCA(D, K_mode= "linear")
  File "Assign2-part2.py", line 123, in kernelPCA
    C_r 
NameError: name 'C_r' is not defined
Austins-MacBook-Pro-2:2hw Austin_Egri$ python3 Assign2-part2.py Concrete_Data.txt 2.2
       0      1    2      3    4       5      6    7      8
0  540.0    0.0  0.0  162.0  2.5  1040.0  676.0   28  79.99
1  540.0    0.0  0.0  162.0  2.5  1055.0  676.0   28  61.89
2  332.5  142.5  0.0  228.0  0.0   932.0  594.0  270  40.27
3  332.5  142.5  0.0  228.0  0.0   932.0  594.0  365  41.05
4  198.6  132.4  0.0  192.0  0.0   978.4  825.5  360  44.30
       0      1    2      3    4       5      6    7      8
0  540.0    0.0  0.0  162.0  2.5  1040.0  676.0   28  79.99
1  540.0    0.0  0.0  162.0  2.5  1055.0  676.0   28  61.89
2  332.5  142.5  0.0  228.0  0.0   932.0  594.0  270  40.27
3  332.5  142.5  0.0  228.0  0.0   932.0  594.0  365  41.05
4  198.6  132.4  0.0  192.0  0.0   978.4  825.5  360  44.30
D.shape (1030, 9)
n= 1030, d= 9
eye_minus_ones
 [[ 9.990e-01 -9.709e-04 -9.709e-04 ... -9.709e-04 -9.709e-04 -9.709e-04]
 [-9.709e-04  9.990e-01 -9.709e-04 ... -9.709e-04 -9.709e-04 -9.709e-04]
 [-9.709e-04 -9.709e-04  9.990e-01 ... -9.709e-04 -9.709e-04 -9.709e-04]
 ...
 [-9.709e-04 -9.709e-04 -9.709e-04 ...  9.990e-01 -9.709e-04 -9.709e-04]
 [-9.709e-04 -9.709e-04 -9.709e-04 ... -9.709e-04  9.990e-01 -9.709e-04]
 [-9.709e-04 -9.709e-04 -9.709e-04 ... -9.709e-04 -9.709e-04  9.990e-01]]
K_Hat
 [[ 92072.589  92279.291  21280.681 ... -48596.158 -37095.165 -14832.84 ]
 [ 92279.291  93038.603  20586.315 ... -49584.607 -36789.781 -16397.259]
 [ 21280.681  20586.315  96743.201 ...  -6621.477  -3308.994   2975.376]
 ...
 [-48596.158 -49584.607  -6621.477 ...  31959.44   19672.272  14960.764]
 [-37095.165 -36789.781  -3308.994 ...  19672.272  31457.48    2395.936]
 [-14832.84  -16397.259   2975.376 ...  14960.764   2395.936  14292.159]]
etas (1030,)
 [-2.493e-07 -1.998e-07 -1.470e-07 ...  7.498e+06  1.011e+07  1.327e+07]
etas[(etas < 0) & (etas > -1e-5)] 52.330%:
etas[(etas < -1e-5)] 0.000%:
c's (1030, 1030)
 [[ 0.043  0.019 -0.021 ...  0.026  0.004 -0.079]
 [-0.032 -0.001  0.036 ...  0.03   0.005 -0.078]
 [ 0.001 -0.066  0.034 ...  0.034 -0.057 -0.028]
 ...
 [ 0.008 -0.008 -0.007 ... -0.018 -0.016  0.042]
 [ 0.013 -0.013  0.021 ...  0.003 -0.028  0.036]
 [ 0.008 -0.02  -0.01  ... -0.027 -0.015  0.008]]
lambdas
 [    0.        0.        0.    ...  7280.073  9816.118 12885.352]
-1 1.0000000000000013
-2 1.0000000000000007
-3 1.0000000000000009
-4 1.0000000000000007
-5 0.9999999999999996
-6 1.0000000000000004
-7 0.999999999999999
-8 0.9999999999999996
-9 0.9999999999999993
Assign2-part2.py:92: RuntimeWarning: divide by zero encountered in true_divide
  print(np.sqrt(1/(etas)).shape)
(1030,)
cs_unit vec
 [[ 0.043  0.019 -0.021 ...  0.026  0.004 -0.079]
 [-0.032 -0.001  0.036 ...  0.03   0.005 -0.078]
 [ 0.001 -0.066  0.034 ...  0.034 -0.057 -0.028]
 ...
 [ 0.008 -0.008 -0.007 ... -0.018 -0.016  0.042]
 [ 0.013 -0.013  0.021 ...  0.003 -0.028  0.036]
 [ 0.008 -0.02  -0.01  ... -0.027 -0.015  0.008]]
-1 1.0000000000000013
-2 1.0000000000000007
-3 1.0000000000000009
-4 1.0000000000000007
-5 0.9999999999999996
-6 1.0000000000000004
-7 0.999999999999999
-8 0.9999999999999996
-9 0.9999999999999993
lam_percents
 [0.325 0.572 0.756 ... 1.    1.    1.   ]
0 0.3249129815446007
1 0.5724331282512051
2 0.7560051466630151
3 0.8630074198157988
4 0.9634424828253406
5 0.9953882736797852
6 0.9979595535829078
7 0.9997163809072515
8 0.9999999999999185
9 0.999999999999925
10 0.9999999999999295
11 0.9999999999999336
12 0.9999999999999364
13 0.9999999999999387
14 0.9999999999999407
15 0.9999999999999426
16 0.999999999999944
17 0.9999999999999455
18 0.9999999999999468
19 0.9999999999999479
20 0.999999999999949
21 0.9999999999999499
22 0.9999999999999508
23 0.9999999999999517
24 0.9999999999999525
25 0.9999999999999533
26 0.9999999999999539
27 0.9999999999999547
28 0.9999999999999554
29 0.9999999999999559
30 0.9999999999999565
r= [   4    5    6 ... 1027 1028 1029] 
Traceback (most recent call last):
  File "Assign2-part2.py", line 176, in <module>
    kernelPCA(D, K_mode= "linear")
  File "Assign2-part2.py", line 123, in kernelPCA
    C_r 
NameError: name 'C_r' is not defined
Austins-MacBook-Pro-2:2hw Austin_Egri$ python3 Assign2-part2.py Concrete_Data.txt 2.2
       0      1    2      3    4       5      6    7      8
0  540.0    0.0  0.0  162.0  2.5  1040.0  676.0   28  79.99
1  540.0    0.0  0.0  162.0  2.5  1055.0  676.0   28  61.89
2  332.5  142.5  0.0  228.0  0.0   932.0  594.0  270  40.27
3  332.5  142.5  0.0  228.0  0.0   932.0  594.0  365  41.05
4  198.6  132.4  0.0  192.0  0.0   978.4  825.5  360  44.30
       0      1    2      3    4       5      6    7      8
0  540.0    0.0  0.0  162.0  2.5  1040.0  676.0   28  79.99
1  540.0    0.0  0.0  162.0  2.5  1055.0  676.0   28  61.89
2  332.5  142.5  0.0  228.0  0.0   932.0  594.0  270  40.27
3  332.5  142.5  0.0  228.0  0.0   932.0  594.0  365  41.05
4  198.6  132.4  0.0  192.0  0.0   978.4  825.5  360  44.30
D.shape (1030, 9)
n= 1030, d= 9
eye_minus_ones
 [[ 9.990e-01 -9.709e-04 -9.709e-04 ... -9.709e-04 -9.709e-04 -9.709e-04]
 [-9.709e-04  9.990e-01 -9.709e-04 ... -9.709e-04 -9.709e-04 -9.709e-04]
 [-9.709e-04 -9.709e-04  9.990e-01 ... -9.709e-04 -9.709e-04 -9.709e-04]
 ...
 [-9.709e-04 -9.709e-04 -9.709e-04 ...  9.990e-01 -9.709e-04 -9.709e-04]
 [-9.709e-04 -9.709e-04 -9.709e-04 ... -9.709e-04  9.990e-01 -9.709e-04]
 [-9.709e-04 -9.709e-04 -9.709e-04 ... -9.709e-04 -9.709e-04  9.990e-01]]
K_Hat
 [[ 92072.589  92279.291  21280.681 ... -48596.158 -37095.165 -14832.84 ]
 [ 92279.291  93038.603  20586.315 ... -49584.607 -36789.781 -16397.259]
 [ 21280.681  20586.315  96743.201 ...  -6621.477  -3308.994   2975.376]
 ...
 [-48596.158 -49584.607  -6621.477 ...  31959.44   19672.272  14960.764]
 [-37095.165 -36789.781  -3308.994 ...  19672.272  31457.48    2395.936]
 [-14832.84  -16397.259   2975.376 ...  14960.764   2395.936  14292.159]]
etas (1030,)
 [-2.493e-07 -1.998e-07 -1.470e-07 ...  7.498e+06  1.011e+07  1.327e+07]
etas[(etas < 0) & (etas > -1e-5)] 52.330%:
etas[(etas < -1e-5)] 0.000%:
c's (1030, 1030)
 [[ 0.043  0.019 -0.021 ...  0.026  0.004 -0.079]
 [-0.032 -0.001  0.036 ...  0.03   0.005 -0.078]
 [ 0.001 -0.066  0.034 ...  0.034 -0.057 -0.028]
 ...
 [ 0.008 -0.008 -0.007 ... -0.018 -0.016  0.042]
 [ 0.013 -0.013  0.021 ...  0.003 -0.028  0.036]
 [ 0.008 -0.02  -0.01  ... -0.027 -0.015  0.008]]
lambdas
 [    0.        0.        0.    ...  7280.073  9816.118 12885.352]
-1 1.0000000000000013
-2 1.0000000000000007
-3 1.0000000000000009
-4 1.0000000000000007
-5 0.9999999999999996
-6 1.0000000000000004
-7 0.999999999999999
-8 0.9999999999999996
-9 0.9999999999999993
Assign2-part2.py:92: RuntimeWarning: divide by zero encountered in true_divide
  print(np.sqrt(1/(etas)).shape)
(1030,)
cs_unit vec
 [[ 0.043  0.019 -0.021 ...  0.026  0.004 -0.079]
 [-0.032 -0.001  0.036 ...  0.03   0.005 -0.078]
 [ 0.001 -0.066  0.034 ...  0.034 -0.057 -0.028]
 ...
 [ 0.008 -0.008 -0.007 ... -0.018 -0.016  0.042]
 [ 0.013 -0.013  0.021 ...  0.003 -0.028  0.036]
 [ 0.008 -0.02  -0.01  ... -0.027 -0.015  0.008]]
-1 1.0000000000000013
-2 1.0000000000000007
-3 1.0000000000000009
-4 1.0000000000000007
-5 0.9999999999999996
-6 1.0000000000000004
-7 0.999999999999999
-8 0.9999999999999996
-9 0.9999999999999993
lam_percents
 [0.325 0.572 0.756 ... 1.    1.    1.   ]
(array([   4,    5,    6, ..., 1027, 1028, 1029]),)
0 0.3249129815446007
1 0.5724331282512051
2 0.7560051466630151
3 0.8630074198157988
4 0.9634424828253406
5 0.9953882736797852
6 0.9979595535829078
7 0.9997163809072515
8 0.9999999999999185
9 0.999999999999925
10 0.9999999999999295
11 0.9999999999999336
12 0.9999999999999364
13 0.9999999999999387
14 0.9999999999999407
15 0.9999999999999426
16 0.999999999999944
17 0.9999999999999455
18 0.9999999999999468
19 0.9999999999999479
20 0.999999999999949
21 0.9999999999999499
22 0.9999999999999508
23 0.9999999999999517
24 0.9999999999999525
25 0.9999999999999533
26 0.9999999999999539
27 0.9999999999999547
28 0.9999999999999554
29 0.9999999999999559
30 0.9999999999999565
r= [   4    5    6 ... 1027 1028 1029] 
Traceback (most recent call last):
  File "Assign2-part2.py", line 177, in <module>
    kernelPCA(D, K_mode= "linear")
  File "Assign2-part2.py", line 124, in kernelPCA
    C_r 
NameError: name 'C_r' is not defined
Austins-MacBook-Pro-2:2hw Austin_Egri$ python3 Assign2-part2.py Concrete_Data.txt 2.2
       0      1    2      3    4       5      6    7      8
0  540.0    0.0  0.0  162.0  2.5  1040.0  676.0   28  79.99
1  540.0    0.0  0.0  162.0  2.5  1055.0  676.0   28  61.89
2  332.5  142.5  0.0  228.0  0.0   932.0  594.0  270  40.27
3  332.5  142.5  0.0  228.0  0.0   932.0  594.0  365  41.05
4  198.6  132.4  0.0  192.0  0.0   978.4  825.5  360  44.30
       0      1    2      3    4       5      6    7      8
0  540.0    0.0  0.0  162.0  2.5  1040.0  676.0   28  79.99
1  540.0    0.0  0.0  162.0  2.5  1055.0  676.0   28  61.89
2  332.5  142.5  0.0  228.0  0.0   932.0  594.0  270  40.27
3  332.5  142.5  0.0  228.0  0.0   932.0  594.0  365  41.05
4  198.6  132.4  0.0  192.0  0.0   978.4  825.5  360  44.30
D.shape (1030, 9)
n= 1030, d= 9
eye_minus_ones
 [[ 9.990e-01 -9.709e-04 -9.709e-04 ... -9.709e-04 -9.709e-04 -9.709e-04]
 [-9.709e-04  9.990e-01 -9.709e-04 ... -9.709e-04 -9.709e-04 -9.709e-04]
 [-9.709e-04 -9.709e-04  9.990e-01 ... -9.709e-04 -9.709e-04 -9.709e-04]
 ...
 [-9.709e-04 -9.709e-04 -9.709e-04 ...  9.990e-01 -9.709e-04 -9.709e-04]
 [-9.709e-04 -9.709e-04 -9.709e-04 ... -9.709e-04  9.990e-01 -9.709e-04]
 [-9.709e-04 -9.709e-04 -9.709e-04 ... -9.709e-04 -9.709e-04  9.990e-01]]
K_Hat
 [[ 92072.589  92279.291  21280.681 ... -48596.158 -37095.165 -14832.84 ]
 [ 92279.291  93038.603  20586.315 ... -49584.607 -36789.781 -16397.259]
 [ 21280.681  20586.315  96743.201 ...  -6621.477  -3308.994   2975.376]
 ...
 [-48596.158 -49584.607  -6621.477 ...  31959.44   19672.272  14960.764]
 [-37095.165 -36789.781  -3308.994 ...  19672.272  31457.48    2395.936]
 [-14832.84  -16397.259   2975.376 ...  14960.764   2395.936  14292.159]]
etas (1030,)
 [-2.493e-07 -1.998e-07 -1.470e-07 ...  7.498e+06  1.011e+07  1.327e+07]
etas[(etas < 0) & (etas > -1e-5)] 52.330%:
etas[(etas < -1e-5)] 0.000%:
c's (1030, 1030)
 [[ 0.043  0.019 -0.021 ...  0.026  0.004 -0.079]
 [-0.032 -0.001  0.036 ...  0.03   0.005 -0.078]
 [ 0.001 -0.066  0.034 ...  0.034 -0.057 -0.028]
 ...
 [ 0.008 -0.008 -0.007 ... -0.018 -0.016  0.042]
 [ 0.013 -0.013  0.021 ...  0.003 -0.028  0.036]
 [ 0.008 -0.02  -0.01  ... -0.027 -0.015  0.008]]
lambdas
 [    0.        0.        0.    ...  7280.073  9816.118 12885.352]
-1 1.0000000000000013
-2 1.0000000000000007
-3 1.0000000000000009
-4 1.0000000000000007
-5 0.9999999999999996
-6 1.0000000000000004
-7 0.999999999999999
-8 0.9999999999999996
-9 0.9999999999999993
Assign2-part2.py:92: RuntimeWarning: divide by zero encountered in true_divide
  print(np.sqrt(1/(etas)).shape)
(1030,)
cs_unit vec
 [[ 0.043  0.019 -0.021 ...  0.026  0.004 -0.079]
 [-0.032 -0.001  0.036 ...  0.03   0.005 -0.078]
 [ 0.001 -0.066  0.034 ...  0.034 -0.057 -0.028]
 ...
 [ 0.008 -0.008 -0.007 ... -0.018 -0.016  0.042]
 [ 0.013 -0.013  0.021 ...  0.003 -0.028  0.036]
 [ 0.008 -0.02  -0.01  ... -0.027 -0.015  0.008]]
-1 1.0000000000000013
-2 1.0000000000000007
-3 1.0000000000000009
-4 1.0000000000000007
-5 0.9999999999999996
-6 1.0000000000000004
-7 0.999999999999999
-8 0.9999999999999996
-9 0.9999999999999993
lam_percents
 [0.325 0.572 0.756 ... 1.    1.    1.   ]
Traceback (most recent call last):
  File "Assign2-part2.py", line 177, in <module>
    kernelPCA(D, K_mode= "linear")
  File "Assign2-part2.py", line 112, in kernelPCA
    r_arr, _ = np.where(lam_percents >= alpha)
ValueError: not enough values to unpack (expected 2, got 1)
Austins-MacBook-Pro-2:2hw Austin_Egri$ python3 Assign2-part2.py Concrete_Data.txt 2.2
       0      1    2      3    4       5      6    7      8
0  540.0    0.0  0.0  162.0  2.5  1040.0  676.0   28  79.99
1  540.0    0.0  0.0  162.0  2.5  1055.0  676.0   28  61.89
2  332.5  142.5  0.0  228.0  0.0   932.0  594.0  270  40.27
3  332.5  142.5  0.0  228.0  0.0   932.0  594.0  365  41.05
4  198.6  132.4  0.0  192.0  0.0   978.4  825.5  360  44.30
       0      1    2      3    4       5      6    7      8
0  540.0    0.0  0.0  162.0  2.5  1040.0  676.0   28  79.99
1  540.0    0.0  0.0  162.0  2.5  1055.0  676.0   28  61.89
2  332.5  142.5  0.0  228.0  0.0   932.0  594.0  270  40.27
3  332.5  142.5  0.0  228.0  0.0   932.0  594.0  365  41.05
4  198.6  132.4  0.0  192.0  0.0   978.4  825.5  360  44.30
D.shape (1030, 9)
n= 1030, d= 9
eye_minus_ones
 [[ 9.990e-01 -9.709e-04 -9.709e-04 ... -9.709e-04 -9.709e-04 -9.709e-04]
 [-9.709e-04  9.990e-01 -9.709e-04 ... -9.709e-04 -9.709e-04 -9.709e-04]
 [-9.709e-04 -9.709e-04  9.990e-01 ... -9.709e-04 -9.709e-04 -9.709e-04]
 ...
 [-9.709e-04 -9.709e-04 -9.709e-04 ...  9.990e-01 -9.709e-04 -9.709e-04]
 [-9.709e-04 -9.709e-04 -9.709e-04 ... -9.709e-04  9.990e-01 -9.709e-04]
 [-9.709e-04 -9.709e-04 -9.709e-04 ... -9.709e-04 -9.709e-04  9.990e-01]]
K_Hat
 [[ 92072.589  92279.291  21280.681 ... -48596.158 -37095.165 -14832.84 ]
 [ 92279.291  93038.603  20586.315 ... -49584.607 -36789.781 -16397.259]
 [ 21280.681  20586.315  96743.201 ...  -6621.477  -3308.994   2975.376]
 ...
 [-48596.158 -49584.607  -6621.477 ...  31959.44   19672.272  14960.764]
 [-37095.165 -36789.781  -3308.994 ...  19672.272  31457.48    2395.936]
 [-14832.84  -16397.259   2975.376 ...  14960.764   2395.936  14292.159]]
etas (1030,)
 [-2.493e-07 -1.998e-07 -1.470e-07 ...  7.498e+06  1.011e+07  1.327e+07]
etas[(etas < 0) & (etas > -1e-5)] 52.330%:
etas[(etas < -1e-5)] 0.000%:
c's (1030, 1030)
 [[ 0.043  0.019 -0.021 ...  0.026  0.004 -0.079]
 [-0.032 -0.001  0.036 ...  0.03   0.005 -0.078]
 [ 0.001 -0.066  0.034 ...  0.034 -0.057 -0.028]
 ...
 [ 0.008 -0.008 -0.007 ... -0.018 -0.016  0.042]
 [ 0.013 -0.013  0.021 ...  0.003 -0.028  0.036]
 [ 0.008 -0.02  -0.01  ... -0.027 -0.015  0.008]]
lambdas
 [    0.        0.        0.    ...  7280.073  9816.118 12885.352]
-1 1.0000000000000013
-2 1.0000000000000007
-3 1.0000000000000009
-4 1.0000000000000007
-5 0.9999999999999996
-6 1.0000000000000004
-7 0.999999999999999
-8 0.9999999999999996
-9 0.9999999999999993
Assign2-part2.py:92: RuntimeWarning: divide by zero encountered in true_divide
  print(np.sqrt(1/(etas)).shape)
(1030,)
cs_unit vec
 [[ 0.043  0.019 -0.021 ...  0.026  0.004 -0.079]
 [-0.032 -0.001  0.036 ...  0.03   0.005 -0.078]
 [ 0.001 -0.066  0.034 ...  0.034 -0.057 -0.028]
 ...
 [ 0.008 -0.008 -0.007 ... -0.018 -0.016  0.042]
 [ 0.013 -0.013  0.021 ...  0.003 -0.028  0.036]
 [ 0.008 -0.02  -0.01  ... -0.027 -0.015  0.008]]
-1 1.0000000000000013
-2 1.0000000000000007
-3 1.0000000000000009
-4 1.0000000000000007
-5 0.9999999999999996
-6 1.0000000000000004
-7 0.999999999999999
-8 0.9999999999999996
-9 0.9999999999999993
lam_percents
 [0.325 0.572 0.756 ... 1.    1.    1.   ]
(array([   4,    5,    6, ..., 1027, 1028, 1029]),)
0 0.3249129815446007
1 0.5724331282512051
2 0.7560051466630151
3 0.8630074198157988
4 0.9634424828253406
5 0.9953882736797852
6 0.9979595535829078
7 0.9997163809072515
8 0.9999999999999185
9 0.999999999999925
10 0.9999999999999295
11 0.9999999999999336
12 0.9999999999999364
13 0.9999999999999387
14 0.9999999999999407
15 0.9999999999999426
16 0.999999999999944
17 0.9999999999999455
18 0.9999999999999468
19 0.9999999999999479
20 0.999999999999949
21 0.9999999999999499
22 0.9999999999999508
23 0.9999999999999517
24 0.9999999999999525
25 0.9999999999999533
26 0.9999999999999539
27 0.9999999999999547
28 0.9999999999999554
29 0.9999999999999559
30 0.9999999999999565
r= [   4    5    6 ... 1027 1028 1029] 
Traceback (most recent call last):
  File "Assign2-part2.py", line 177, in <module>
    kernelPCA(D, K_mode= "linear")
  File "Assign2-part2.py", line 124, in kernelPCA
    C_r 
NameError: name 'C_r' is not defined
Austins-MacBook-Pro-2:2hw Austin_Egri$ python3 Assign2-part2.py Concrete_Data.txt 2.2
       0      1    2      3    4       5      6    7      8
0  540.0    0.0  0.0  162.0  2.5  1040.0  676.0   28  79.99
1  540.0    0.0  0.0  162.0  2.5  1055.0  676.0   28  61.89
2  332.5  142.5  0.0  228.0  0.0   932.0  594.0  270  40.27
3  332.5  142.5  0.0  228.0  0.0   932.0  594.0  365  41.05
4  198.6  132.4  0.0  192.0  0.0   978.4  825.5  360  44.30
       0      1    2      3    4       5      6    7      8
0  540.0    0.0  0.0  162.0  2.5  1040.0  676.0   28  79.99
1  540.0    0.0  0.0  162.0  2.5  1055.0  676.0   28  61.89
2  332.5  142.5  0.0  228.0  0.0   932.0  594.0  270  40.27
3  332.5  142.5  0.0  228.0  0.0   932.0  594.0  365  41.05
4  198.6  132.4  0.0  192.0  0.0   978.4  825.5  360  44.30
D.shape (1030, 9)
n= 1030, d= 9
eye_minus_ones
 [[ 9.990e-01 -9.709e-04 -9.709e-04 ... -9.709e-04 -9.709e-04 -9.709e-04]
 [-9.709e-04  9.990e-01 -9.709e-04 ... -9.709e-04 -9.709e-04 -9.709e-04]
 [-9.709e-04 -9.709e-04  9.990e-01 ... -9.709e-04 -9.709e-04 -9.709e-04]
 ...
 [-9.709e-04 -9.709e-04 -9.709e-04 ...  9.990e-01 -9.709e-04 -9.709e-04]
 [-9.709e-04 -9.709e-04 -9.709e-04 ... -9.709e-04  9.990e-01 -9.709e-04]
 [-9.709e-04 -9.709e-04 -9.709e-04 ... -9.709e-04 -9.709e-04  9.990e-01]]
K_Hat
 [[ 92072.589  92279.291  21280.681 ... -48596.158 -37095.165 -14832.84 ]
 [ 92279.291  93038.603  20586.315 ... -49584.607 -36789.781 -16397.259]
 [ 21280.681  20586.315  96743.201 ...  -6621.477  -3308.994   2975.376]
 ...
 [-48596.158 -49584.607  -6621.477 ...  31959.44   19672.272  14960.764]
